7.075831
8.607109
7.687491
8.146065
7.606879
7.760063
7.788373
7.638551
6.662246
7.078301
7.077823
8.265759
8.159406
7.317703
6.539087
7.205566
7.897972
7.561461
7.405253
8.300415
7.627462
8.128254
7.496380
7.740402
6.247629
7.284729
7.026628
5.484917
7.303688
7.343025
6.330862
8.127827
7.701040
7.217469
5.445166
6.644170
7.665259
7.690804
6.916538
7.452878
7.438035
6.610518
6.890352
8.455280
7.736523
7.772407
7.496110
8.069123
6.608394
7.200351
7.706146
7.137781
7.110560
7.843957
7.088733
7.673427
7.585338
6.958447
8.135563
7.846642
7.548341
7.869648
7.780807
7.796117
7.301919
6.601929
6.677347
7.883856
7.286282
6.921198
7.113637
8.728722
7.543381
7.939344
6.254328
8.111235
8.076476
7.863891
7.883376
7.737700
7.507292
7.478013
7.398386
7.204772
7.218115
7.308131
7.577584
7.463163
7.035967
6.088233
6.959859
7.306882
7.775352
7.259398
8.035120
6.603889
7.356432
7.670612
7.585456
7.328459
7.397846
7.129109
7.445292
7.418516
6.939724
8.422056
8.583496
9.152842
7.090690
6.292908
8.038957
5.942712
7.445407
7.427637
7.278156
7.678428
7.403829
7.348511
7.135238
7.872501
7.641810
7.915636
7.319890
7.813911
7.031875
7.272744
7.611383
8.570409
7.405077
6.421679
6.418053
8.478558
8.578241
7.551991
7.445717
7.104271
6.865153
7.074525
7.062114
8.425340
6.918427
7.853291
7.669612
7.669612
8.492014
7.483610
7.915777
8.206966
7.789659
8.856173
7.792865
6.868032
7.425705
7.647835
7.714866
7.655338
7.909156
7.073231
7.104318
7.541562
7.422599
8.922673
6.388794
6.761453
7.125153
7.972099
7.774251
7.868099
7.673718
7.370296
7.485006
7.469133
5.758188
6.776450
7.090536
6.522946
6.628578
6.746111
6.878513
6.954716
7.981627
7.197589
7.453595
7.532120
8.325422
7.448761
7.600717
7.959285
7.616171
6.536184
7.981983
6.410016
8.213775
6.772435
6.961769
7.609238
6.670555
7.744571
7.752942
6.519225
7.349010
7.483266
7.154667
7.042934
7.575016
7.325960
7.059443
6.543107
7.216606
6.944182
6.577031
7.097805
8.177401
7.153694
5.925472
8.572515
6.768167
6.618958
6.670744
7.682148
8.591650
6.643233
3.782641
7.473173
7.473652
8.371151
7.678172
7.906579
5.839041
6.221194
6.824933
6.973249
6.955188
7.870885
7.298237
7.065746
7.607606
7.423208
7.114606
7.076239
7.116045
7.094671
7.026687
6.972146
6.891305
7.357612
7.362843
7.896045
7.562955
6.418571
6.679281
7.500123
7.462636
7.540851
7.781919
8.105535
7.826167
5.589973
8.330013
7.275371
7.704240
7.506255
6.994909
7.935604
7.388724
7.102090
6.621775
7.452131
6.559901
7.327209
7.599642
7.377489
8.032141
6.965518
7.660516
6.611752
7.238677
7.888821
7.033134
8.367694
8.256666
7.373001
8.778597
6.329987
6.641846
5.389340
7.774893
8.698193
8.412025
7.010815
6.794560
6.032384
6.613468
7.580447
6.672755
7.294813
6.004380
5.734161
6.769133
6.507389
6.704523
8.033154
7.694295
6.503364
7.804162
8.027424
8.341402
8.049782
7.550551
7.796951
8.113807
7.902445
6.740123
6.641175
8.319118
8.073652
7.368269
7.762284
7.418516
7.748674
7.061887
8.383102
8.213963
7.922320
7.819051
7.293938
7.589956
8.269888
8.592134
8.567171
8.644783
8.311886
7.765083
7.532722
7.444882
7.444104
7.359137
7.338909
7.841797
6.856544
7.032347
6.897404
6.916196
7.086769
7.696171
7.063665
7.413813
8.316896
6.639496
6.156926
7.070056
8.418598
8.778313
8.710901
8.549421
8.653184
6.601321
6.883466
7.449828
6.602399
7.271411
8.634073
7.330963
7.753947
7.817441
8.428801
7.624347
7.894369
7.437689
4.913875
7.013342
7.078698
7.479371
6.643538
7.069950
5.714949
7.366511
6.281846
7.188057
6.140564
6.672471
7.350069
5.989014
7.224265
6.231110
6.198658
6.561533
7.666549
6.821158
6.963287
7.430724
7.614645
6.253410
5.975903
8.369883
7.180658
7.516436
7.412262
8.069103
8.377203
8.112780
7.953723
7.130561
7.225557
7.772527
7.712792
6.105149
8.167258
7.525632
6.895105
7.954088
7.626588
7.265996
7.220889
7.302319
7.246782
7.163637
6.952206
6.223858
7.557717
8.012514
7.403682
8.230515
7.812210
7.506297
5.649203
6.744539
7.535226
7.173908
7.133725
6.852942
7.761416
6.452328
8.264423
8.223066
7.374742
7.882272
7.265752
8.516724
8.484001
8.352507
6.332290
7.279269
6.646747
6.514428
8.275280
7.443540
7.643392
7.531242
6.566180
7.718935
7.942411
7.399638
6.221334
8.230030
7.236124
6.972371
7.149274
7.028762
8.640287
8.366022
7.565211
6.983768
8.470541
7.295205
8.473471
8.154194
7.183070
7.315526
8.066217
8.087225
8.122215
5.904170
4.857053
6.514226
6.517224
6.689954
6.729773
7.036841
7.603487
7.153473
7.376132
8.259744
8.382171
7.738393
6.944756
7.596923
6.891868
7.446750
7.939281
7.971062
7.480756
7.401488
7.705417
8.174505
6.880594
7.274590
7.952401
7.836254
6.355006
7.332931
7.215328
8.146273
6.485509
6.485509
7.727631
7.860088
6.511398
7.964417
8.246890
7.744673
7.633940
7.172750
7.956375
7.869540
7.109535
7.585654
7.950837
6.958519
6.922090
6.670065
6.968597
6.585504
7.227217
6.277950
7.398351
7.331969
6.366206
5.704374
7.857841
7.187159
7.719661
7.684962
7.077888
8.106622
9.042066
6.431765
6.748439
8.557180
7.856264
7.771759
6.206133
6.605972
7.456703
6.741590
7.303409
6.782450
7.459450
6.506653
7.369471
8.335619
8.068175
8.703111
7.365164
7.229128
7.228955
7.356038
7.361265
7.735434
7.571375
7.569742
7.903022
6.821446
6.333261
7.006428
8.113210
7.752582
7.890343
7.726975
7.890390
7.785236
7.826602
7.480474
7.429195
6.895516
7.622825
7.416977
8.187809
7.942668
7.525509
7.936147
7.398797
7.683958
7.373761
7.291459
8.493674
7.541355
7.561511
7.296379
7.351060
7.809820
7.205455
7.207508
7.083752
7.042109
7.673051
5.983334
7.907356
6.431905
7.372125
7.689304
7.440690
8.602830
8.682058
8.759426
7.372510
7.194675
9.055791
8.850657
7.875672
7.624833
7.912280
8.623560
6.566109
7.788702
6.441003
6.152276
7.682715
7.385774
7.042903
7.993072
7.957573
7.436833
6.898765
7.601948
8.715174
8.180397
6.722117
7.459502
7.928388
7.549174
6.540170
7.741193
7.008305
7.159641
7.330632
8.495914
7.608671
9.009041
9.087554
8.945696
8.302340
8.116513
7.043320
7.907492
8.162428
7.902331
7.902374
7.438236
7.100346
7.394923
7.373695
7.397943
6.431758
7.231429
7.065203
7.683190
5.920213
7.536215
7.394933
7.664557
9.164974
8.219231
7.425450
6.602825
7.589209
5.923730
7.595074
7.987797
8.733112
8.443914
7.352233
8.384242
8.240029
8.340823
7.506214
7.490212
6.934499
6.801535
7.518613
6.832174
7.123002
7.400808
7.310776
7.210920
7.462134
7.418029
7.762895
7.440325
7.611267
8.163917
8.106812
8.023417
8.227755
8.263416
7.641679
8.468281
8.149164
8.127282
6.992712
7.382695
5.738384
7.287009
7.795017
7.988292
8.021215
8.154472
7.964579
8.307672
7.815777
7.223995
7.306363
7.858851
6.874091
7.319343
7.564541
6.873153
8.248116
7.883914
6.689816
6.653477
8.117674
7.099691
7.273513
7.169434
5.830155
7.267142
7.782129
7.856299
8.509619
7.714044
8.193664
6.988967
6.535371
7.783630
6.892957
6.424604
8.276722
7.802265
8.680890
7.066874
7.428280
7.253719
7.969801
7.503553
7.540266
7.470949
7.480801
7.537646
7.599151
8.045516
8.203804
7.561876
7.181406
7.307317
6.834320
7.472958
7.515726
7.461092
7.922053
7.837616
6.605813
7.144624
6.701635
7.975985
8.174713
7.448184
7.736022
7.419915
7.422969
6.530875
7.174450
6.807775
5.943412
6.992711
6.530776
7.937821
8.951253
7.101872
8.811229
7.357160
7.403233
7.585839
7.625330
8.241546
8.075647
9.004299
7.657113
7.338089
6.857647
8.015060
7.320625
7.056972
7.477320
7.339130
7.935252
7.133392
6.983143
5.810497
6.599690
7.544713
7.901626
5.850296
7.346531
7.422521
6.397590
8.394024
7.748145
7.005570
6.467034
7.679461
7.860686
7.985100
7.719375
7.710018
7.823247
7.769154
7.417788
6.672410
7.669337
8.022320
7.198607
7.648294
6.834337
7.545412
8.350918
8.626211
5.929251
7.541584
7.734903
7.656477
7.600950
7.568470
7.935494
7.053283
7.224291
8.292094
8.163147
7.428265
7.228178
7.111254
5.684181
6.795059
5.642290
7.487788
8.033100
5.922769
6.972880
8.501635
7.451035
6.470870
6.593640
8.707510
8.518810
8.345192
8.385801
7.961616
7.809308
8.534578
6.806130
7.111630
8.057848
7.608745
7.472220
7.097828
7.229245
7.012556
6.849174
6.795718
7.721028
7.878737
7.024571
8.174999
8.144571
7.175201
8.539383
7.533604
8.251549
8.198036
7.786938
7.377800
6.958899
6.427786
6.678288
7.856777
7.707402
6.246455
6.025498
7.969894
8.118929
7.555415
7.289561
6.964540
7.260520
7.427131
7.876852
7.921427
7.777432
7.886999
7.422072
8.587021
8.199635
7.884042
7.169738
5.873061
5.609386
8.387753
6.158367
6.385885
7.439960
7.680173
7.626672
7.158893
7.157885
7.661827
6.817809
7.217900
7.828607
7.550429
8.227031
6.681412
6.792741
6.904855
7.836482
5.935579
7.790954
7.823947
7.927938
8.141596
7.778378
7.768402
7.686628
7.188088
6.610029
6.008002
7.644287
6.367331
7.318502
7.618643
6.777803
7.929487
7.949681
6.679615
6.247108
6.489840
7.410007
7.139999
